215
173
190
149
497
176
634
713
396
8
133
132
331
672
488
705
58
902
831
133
931
92
927
492
534
519
49
879
488
315
762
264
818
263
314
258
306
117
821
2
880
569
656
60
308
124
902
856
747
343
290
142
748
502
176
235
133
445
457
78
677
286
483
442
13
854
593
593
763
898
173
71
469
946
800
532
429
396
359
855
28
114
482
839
797
404
312
620
723
539
457
647
27
30
56
235
438
798
341
940
664
501
123
516
945
666
702
286
377
661
7
234
358
528
121
932
796
314
409
271
821
592
810
466
312
70
870
354
113
441
69
362
635
61
699
426
426
268
302
598
194
895
54
386
557
60
577
278
832
93
501
161
528
456
143
903
334
289
55
493
62
185
78
457
225
77
524
259
498
364
245
106
784
417
724
273
35
590
121
829
882
405
165
731
520
87
659
703
707
422
457
782
945
536
434
657
787
415
130
437
4
689
12
15
560
784
832
253
237
753
146
443
811
789
408
469
219
914
58
678
503
33
196
843
710
629
32
588
243
769
534
382
804
103
767
761
685
45
639
620
364
664
392
504
878
144
367
681
91
164
